!vault |
$ANSIBLE_VAULT;1.2;AES256;inline
33333035663664393639626237356135363337396130333363393936393739386334386430636563
3538643232653962666263656634323463656532613863660a336436356230333431333932646335
35396137326431653231383030303330376463326236613366663062353333346666376530363834
6635633132316465330a316335643261316366616164353261393063633738663136353236316439
63373231393834343836306465343533346236383266623130666534343662356261626362353363
38343338346334396666353932316331653462343337623138636334303463386337646266663031
64373065373138316663633331633631343639313332363963626439363138656537353836353339
66376533363635616534396232383862656464356134663365393465333166656161353166303164
35326435656531393763303037653866666134616138656334623065373661633331336266306636
36396136623831393765633361643730646234663736323337383634353538366131653066663462
63626365666134333932663465376337633335396235356637393337363261383664376465643239
64346130663162626535636436646330343833616337326531313339613631313432303333613135
37346436646538373866343066376533336439343265383265303763353937393361363232303734
33393932613038323738316138613864646434643064343166373838623737333739303961333533
39646439393431363635383638323861363431353734333766343536353533353332373836623063
38306536656334643564333363363836313461663465383262323834623936363962626164316133
35363031623065383036623935616163356664386237656561373361353035626535393261343031
38343334633937323536663331333534373133373931623462646566353434666531396236313934
36393964343338316233623963343461656233346430633632396232333765633466386464663234
36626131646437613666343238633064373162323438346461643864613436326466323431666538
38373333376531613766313436353833616335363163646232633434653537663565333638316234
66306538393130633838353662303865663334316162323331363533336234623337363033363165
35636233623738653834303933656565636236653539306564633966663865336338343033363835
33346266386532323864366636343830356365613636636333396337373738326466373863363463
31626135376435613264633831356232363330313266363162613363313666393936363262313037
61316635353332396366383866653666373166393432373862383536346239336136373734393261
39666233666435376537373732376366356332646339663564343965396334343939663434393463
32383537353631373137306633616438653262363536316537376636336531643235363836393466
34346262363639373764633666363464376334373966353266646231623061386635386538333261
33336438373962626566353430613665623137623730616630343964663734323436666461653637
34646465633966363931313966333361663133373539643537663236643537393136346237653266
35313637383964336164333666306339646162383731666639393966323335316362633635663466
30353238666534616664633232353464623632373163376234613030386165653931643939626161
38343862643331653336616166373830623465666337396161616537616164653864656230313035
34643631653338396432336164313735323363353037626666353934353964316262626337323233
33636165303932656338663238616135646464353436636238353464303066393863366332646333
35663863333765303930613734303765663165383234336462633962336539653636376637323739
34306461346639366161626235313565633739373635336135386237663665313336623237653364
39303064396566626631643738333335396665663665616531616639656666323065383066633634
37363462353631353930633863626665333035666434316663626238393734373165356664633133
36643861376532646530643331666430636330313538353938653631633338363861626461393234
61623465613639653931633332386638373931653131306134346236333435646661356234306466
62343937316137383163623030653632326166633734616265306631353631643738636432383436
39366366356261343861373838316638316539663533663764346339663861646637323866323366
34353235303866306238336165663066343065356536396461663131646465323734373665396166
37336132646461623234323139303564393137303435643437663039626239393439313564376437
35363162643562626661353633376334646131306531383165316431633433373762326431623062
64616162636364303862623539666562343332306161323239336534383564336565376532313764
35363065363664376633323031316434616264333036653933653762666331636336306538303434
65656234623766303830316666303238333735663933623331373331396263363238636232613139
30306665306538303339393764616137643636363265323133323261663165326662323230663661
64666535643462323135313263366239393733323136663362356535386666336234623036326438
38646230376230323938383562373830396262383965383634623738643032366539376163663438
65356535363561333963643331383930316631343233643436396639363038323133313837626638
62643035383530353664353735633937383364343233336238626634363434316664663961653536
35396561323666353130643735386630393332343535633031373432653135343761616533616637
61333130613834303538333435646264333539383931623066343065393161666139623463363036
64326461633033363237613130363333303532393733363139353539303631653232333465653762
35393736326437626461353730316439396565316531306161636532356261343634626635663965
63626561383339363334383966303938643066653865396131646466613930343632343734303132
37643439633433623233363635326162356130333837346131386139666362666161386431323935
62643637343835383839623934643133396664343838643636343838316465663239653134386466
39616332343035316137383362323362353265336639613139346438666130636464303361626166
62643266323665353864373433386632616231313436323461636632383631343063666432623864
63326133306362383462626163633466303238313764633237366663316565663538343537613762
39656234386561303734613137613936303937636633616438643166636437383836343633616432
62323932336133646435316466323232333438373164613661623963306534333463353664336237
31393165396666376433373033333130383762393633623564393032393661386466363766383338
31313738646462333332323463326139303336613639626534383738613137393133346436343665
38623039306362663837353461633539643465353738323438386231633230356237326233363534
63623263633564363139626139326231613863383562636236633861616266633332323961333730
39326436343333306130353731336636626665313565376130653938383362613461383866343131
39653163356139363432333434373461396561663234383465393263363565643133653763663262
64623966623261356162643236643063613633366534383732376566303734366362396430323637
66396332663233623930336263363635613661616361336264623531633033653933613263336332
64393937646162356437376431643938306638373038623763306633363035383538323937616135
63616565353363353364623539323639333261336464396364643364326464396536306261656437
32616561326361346232386662326664333330353232356330393065646463363639376337343936
61383233356431623436303030393061323165376565326261336163323865393434386565653936
32383933663030313532653733633137366636353538363139366432323434303833356462623039
34336237303533343063316263336633643530633162636237303831613763313362383061323864
39646261663835326332393739663434633962333332643033663466333562343961323634336130
34653165323462613131663565356438646231396633656263306564643333323761626530323633
61323262383861663539303736643434303964636434666363643036323431623162373534666133
61373934326264363034333161316539343563633632626663626438333336353965613063613431
62303439633233333864643962396437633539366336343539623264323039653361346463306134
37353166383631366564313862313032383763356633393865636438363032643263633764336630
65623366623032643566396235396662666235616136656264666463323938373565373632313333
35316662333037656164396533373933333433303032313931373364616563346165313565623131
30633636306265396337393063393163366639323666386165613161666665616233306166656265
63343462353435653463643062623263396632326162326366353231346166353364633739316161
35646231353736643934366337383166386335393734363166353732326430373132343733633932
30656566393036363765383461353863346161393165373066333630363665303532353134646234
66303165306231666561643863393536393636353166326430383234373365386130373639353936
396532356230313264616132316361663335

