$ANSIBLE_VAULT;1.2;AES256;files
64616163386461306230393537656163383434333036663536313665626666356235626433333132
3537356361333731636431383133653137336233343062340a666165323431336134333936303837
36383335343862376338363565336132383232356562663063653565636366626366653631326662
6639616631353737650a336333633538353061363531396539646366343332613165633264323061
64356264383239666133623235663837383063623364626135336137653832333230633131306131
64613366386161313861333038376439636331646636616232313336363165396633393035663364
39613336386233316333373435323236633035326433383838353063643030333863396362323937
37633734643735313465363465353230666466646138666564373637643962396635653865376334
65366536326163336364323361353130356538366335326235343462376663633433666261336434
65386530366662636465396135663734396532393631356161646338356635656664393664303538
61643630373163396331303739306331346133383231366662636362336439303061306333646334
63633632643464613136356639323937326139393162643734636165373166346163633036303131
38376331336265316333323434626566353436616361656566346637643632336137313565633061
34343736643735626639633662663066656130393966356338313737643433663561643938653364
65663764303635353836343035626237333337373239303631333834323434353063653837366430
32303832323163663032333230646364336439663833656164393061303935656432323766393139
30326161373462393563336537633665316464643165363538343633353366656566623937383438
65353335663538656532633835376432663139333438366561363134343938653965313063646439
38326535643631616362636332643939313761343136613737613562323062343439616536663764
64616430316361393136313235616364356466313736346135623761613035316632383536326532
61653231353638653931356566376430633366616661323635316132356434373061666632633264
37356236393037376362633563326434383836316464343131663162383732313530616539306537
33343931626134343631633032326230366634383063333136643136306564633438616663613633
63366262326264616562303861353034363030663938396161336632653965393535663163346438
66636538656230626434636239643039393863663836316661633036366463363164613663626436
33613362323232326231623533333239643363363563626466373032616464636664653431383431
33333431316230666131326533663830376166626662343038383065393430663035393131643866
38666236613038326635366638326632613164643361336235623533313334666231366234633232
31303536356133626164333432623935303830616462643665623562666566326131313535313130
36663435633433326662333938623239633066323836656336373664623762346363366430633532
34646331643131616637346234353136343362356637643066353330353164343162333838376238
65663864633834663661336361363736366632336333303962623531383163373934666632316166
34303036376464376238306238613732343835633939626232646633626635326132643264326362
66623230376233343635363333376138343731313131666634613035356433633934313337666462
39386265323161393663333662396436643533656534623562343132396362336664643163636330
39343639656263376430
